3.458468731876564561e+02
9.218762176964638400e+01
3.939952548181506842e+01
1.986349572858318524e+01
1.598286110597874021e+01
6.252216754228730800e+00
1.563317325362741173e+01
5.653991175602758545e+00
3.890666660231726581e+00
4.126906639208425709e+00
7.217929622659806199e+00
2.942586238713024382e+00
3.151211151405327815e+00
2.877106909166633475e+00
2.567081212593548489e+00
4.827521740925591942e+00
1.939790844999463637e+00
4.509881325373500616e+00
2.430179359530057148e+00
2.418038531310419348e+00
2.653509644854476601e+00
2.695561072443027673e+00
1.550438611493944574e+00
9.443042662928217146e-01
8.168316464655852593e-01
6.801273569790544649e-01
5.482709736051070148e-01
4.995744641294451172e-01
4.274752734164622425e-01
3.856195557769830362e-01
3.448112221549305412e-01
3.145509886687272716e-01
2.743323697939453742e-01
2.594805814033562807e-01
2.374351844103714526e-01
2.208824006414210062e-01
2.003706180736426756e-01
1.908201530482700470e-01
1.743430927168761746e-01
1.655405856414119969e-01
1.504034065383578200e-01
1.439582205956947969e-01
1.341277297171298843e-01
1.261060556286386913e-01
1.209193381693665498e-01
1.159901792025479078e-01
1.102712865728767838e-01
1.044434193002228839e-01
1.008134409162208950e-01
9.318213127012667241e-02
