-9.872766601562500410e-01
9.833217773437500364e-01
-9.801701171875000229e-01
-9.876671386718749446e-01
-9.721227539062500256e-01
1.414910644531250095e-01
9.337444335937500339e-01
9.857217773437499941e-01
-9.789703124999999950e-01
-9.828233398437500323e-01
8.113960449218750037e-01
-9.711629882812500281e-01
-9.576687011718749698e-01
-9.564367187500000256e-01
-9.566035644531249993e-01
3.440174804687500254e-01
-9.530682617187500316e-01
4.246944335937499759e-01
8.800667968750000014e-01
8.617386230468749853e-01
-8.148711914062499728e-01
-5.896540039062500016e-01
7.714370117187499543e-02
1.279218749999999974e-02
-8.942089843750000711e-03
-2.295556640624999908e-03
1.392968749999999893e-03
-3.023291015624999991e-03
1.916357421875000038e-03
3.028808593749999817e-04
4.617675781249999927e-04
-8.890136718749999927e-04
1.285156250000000057e-03
-3.322753906249999970e-04
2.576171874999999794e-04
9.800292968749999434e-04
-2.879394531250000010e-04
-5.954589843750000139e-04
-3.312011718750000069e-04
-1.669628906249999998e-03
1.139208984374999976e-03
9.176269531249999856e-04
1.925292968749999921e-04
-2.734375000000000260e-04
-7.473144531249999861e-04
-1.313476562500000015e-05
2.948730468749999963e-04
5.296386718749999988e-04
1.259570312500000056e-03
-5.749511718749999957e-04
