2.853036924339812686e+02
2.097028805041623514e+02
1.619051809017513790e+02
6.718360310560689186e+01
1.397669450394057264e+02
1.332646159440057261e+02
2.321759073450910762e+02
4.286006975214517212e+01
5.090969155983464844e+01
3.846517144779447506e+01
3.153974663117652426e+02
4.184631571866552235e+01
6.581881599572886898e+01
5.903259039226979610e+01
3.796899287148887225e+01
7.487769367207400819e+02
1.709840479815907699e+01
4.171769205595588232e+02
5.556622267957069283e+01
3.806111093370710563e+01
2.957804518213457712e+01
1.108826671433543964e+02
1.383351710003398694e+02
2.971750459069536987e+01
1.543824271168153572e+01
1.002874589555960938e+01
7.814382895575427312e+00
5.348328694633931235e+00
4.202686170052555070e+00
3.535556884717351078e+00
2.591170929480650642e+00
2.488192953994622592e+00
2.078994380021983002e+00
1.862314490875549788e+00
1.716526062179281054e+00
1.456597053864071345e+00
1.297652169149656309e+00
1.187394245674892712e+00
1.125594555934082752e+00
9.980275444282687980e-01
9.275700879006814059e-01
8.563691008180513986e-01
7.923570399204117320e-01
7.652107651915645015e-01
7.027992537384236682e-01
6.396749786044458874e-01
6.451103213581161899e-01
6.062676732557429338e-01
5.676676901292618815e-01
5.566579338522519294e-01
